function [M] = powerkite_states()

M = [0.0000000000000000e+00 1.8261491104133108e+03 -6.1793768093777084e-04 1.2482299672679698e+00 1.8798977497982448e+00 -1.4310790791611280e-02 -3.2443876182601417e-02 0.0000000000000000e+00 -1.1192641909248593e-02 1.4999999999999980e+00 0.0000000000000000e+00 
1.0000000000000000e+00 1.8288221312624289e+03 -1.5021680271098110e-02 1.2151356111893417e+00 3.4661439484391607e+00 -1.4922683025655359e-02 -3.1965238362123310e-02 -3.3977306069883327e-03 3.7098506818883173e-03 1.5000000000000000e+00 -5.9941596169333726e+00 
2.0000000000000000e+00 1.8319264277258651e+03 -3.3768618502179541e-02 1.1859842305801211e+00 2.7424489784333606e+00 -2.5106536761310468e-02 -2.5322697295123393e-02 -5.8201875328857393e-02 4.1211921109562781e-02 1.5000000000000000e+00 -1.2325063904956567e+01 
3.0000000000000000e+00 1.8351910146455473e+03 -6.6884473467038810e-02 1.1707480812976172e+00 3.7867248609322974e+00 -3.8752992782468007e-02 -9.0330310030851621e-04 -1.8017411727217611e-01 8.1147709372480989e-02 1.5000000000000000e+00 -1.9036295374169050e+01 
4.0000000000000000e+00 1.8390526714826281e+03 -1.0034801791665449e-01 1.1880899747867368e+00 3.9365888132308640e+00 -2.0961070068700335e-02 3.3896412881691151e-02 -3.4573775290489023e-01 1.0428682225208293e-01 1.5000000000000000e+00 -2.7081368909252522e+01 
5.0000000000000000e+00 1.8436646110045019e+03 -1.0040238755383307e-01 1.2259379647164914e+00 5.2872902305161871e+00 1.8811653077009688e-02 3.4144695258144550e-02 -5.1402826517757316e-01 9.7908526741129126e-02 1.5000000000000000e+00 -3.7022837493296628e+01 
6.0000000000000000e+00 1.8477390370348535e+03 -7.0678370812970667e-02 1.2502994368253837e+00 2.8615618301853796e+00 3.8064369538291058e-02 1.4260583059244937e-02 -6.2683336181115135e-01 7.2780264089827934e-02 1.5000000000000000e+00 -4.5413463791786832e+01 
7.0000000000000000e+00 1.8514569308965208e+03 -3.0962570799706279e-02 1.2552932605722322e+00 4.5742258931485145e+00 3.8206409394574030e-02 -1.7022292203197444e-03 -6.9096972130207335e-01 3.6177097694922222e-02 1.5000000000000000e+00 -5.3739594882512314e+01 
8.0000000000000000e+00 1.8553555469290418e+03 5.9021454635833368e-03 1.2517988881177613e+00 3.2230061718924725e+00 3.7082674807164817e-02 -3.7680323291117280e-03 -6.9999999999999940e-01 7.9602483649017786e-03 1.5000000000000000e+00 -6.1545615315653286e+01 
9.0000000000000000e+00 1.8588536634105440e+03 4.3829887173387656e-02 1.2507618197570349e+00 3.7732267911133195e+00 3.8117950107918991e-02 3.2165953459130335e-03 -6.7048480784492204e-01 -1.4883894278358846e-02 1.5000000000000000e+00 -6.8977194288569578e+01 
1.0000000000000000e+01 1.8628706616532731e+03 7.9941176433983643e-02 1.2617868529086043e+00 4.2607696943444440e+00 3.1955707879627218e-02 2.0506992263817952e-02 -5.9307897764113038e-01 -5.3788013833988922e-02 1.5000000000000000e+00 -7.7380429040333482e+01 
1.1000000000000000e+01 1.8672307434485854e+03 1.0113012481027181e-01 1.2919513191527614e+00 4.4593938962782529e+00 6.5727689850964477e-03 3.7502170100778595e-02 -4.6149699718824388e-01 -9.1479765408448641e-02 1.5000000000000000e+00 -8.6477877309277687e+01 
1.2000000000000000e+01 1.8718955717730400e+03 8.9907128669230979e-02 1.3267168969475058e+00 4.8702627526310218e+00 -2.6804400638973980e-02 2.6124741206261390e-02 -3.0683938827465673e-01 -1.1226709866927087e-01 1.5000000000000000e+00 -9.6283938778163431e+01 
1.3000000000000000e+01 1.8753522831655607e+03 5.5390383934324716e-02 1.3374733509935222e+00 2.0431600324110422e+00 -3.7947633327670913e-02 -6.5984217270579773e-03 -1.5648297471646985e-01 -1.1012590709597017e-01 1.5000000000000000e+00 -1.0348841718551832e+02 
1.4000000000000000e+01 1.8813738631817666e+03 2.8674708591162924e-02 1.3192286199457817e+00 1.0000000000000000e+01 -1.2828046631486444e-02 -2.0607029401576028e-02 -2.2501739777359371e-02 -9.5358298295668706e-02 1.5000000000000000e+00 -1.1349183590442776e+02 
1.5000000000000000e+01 1.8831127133334776e+03 2.0562775807229289e-02 1.2993029623285626e+00 -6.5222996965765274e+00 -6.1728651885113823e-03 -1.9440707236598631e-02 1.7183787744682787e-02 -6.9893387434745283e-02 9.9999999999994843e-02 -1.1519258951341553e+02 
1.6000000000000000e+01 1.8640904136369008e+03 1.4971542799368322e-02 1.2831277792130018e+00 -3.1522299696576532e+01 -5.3931080192781934e-03 -1.4382339628099830e-02 9.0191168628852899e-03 -4.4476150818753293e-02 9.9999999999999006e-02 -1.1215088820725410e+02 
1.7000000000000000e+01 1.8367692126635113e+03 9.3403942100724335e-03 1.2694749825390361e+00 -2.3120102250201583e+01 -5.9195342157392647e-03 -1.2545687147187592e-02 -4.0492904077300733e-03 -2.2424802860856234e-02 1.0000000000000001e-01 -1.1106527506716394e+02 
1.8000000000000000e+01 1.8261491104133108e+03 -6.1793768093627713e-04 1.2482299672679815e+00 1.8798977497982441e+00 -1.4310790791611011e-02 -3.2443876182600181e-02 4.7644079698655243e-08 -1.1192641909249262e-02 1.5000000000000000e+00 -1.0756913832251388e+02 ];

end